121
0 39.74 39.74
1 35.40 35.40
2 33.33 33.33
3 88.40 88.40
4 51.43 51.43
5 9.94 9.94
6 6.82 6.82
7 77.48 77.48
8 87.09 87.09
9 80.50 80.50
10 10.74 10.74
11 37.41 37.41
12 84.05 84.05
13 90.40 90.40
14 24.73 24.73
15 22.69 22.69
16 96.87 96.87
17 19.18 19.18
18 74.73 74.73
19 64.89 64.89
20 1.84 1.84
21 8.11 8.11
22 32.28 32.28
23 90.50 90.50
24 7.01 7.01
25 15.95 15.95
26 64.57 64.57
27 12.40 12.40
28 31.79 31.79
29 90.32 90.32
30 21.04 21.04
31 47.24 47.24
32 53.77 53.77
33 46.09 46.09
34 56.08 56.08
35 93.02 93.02
36 34.08 34.08
37 37.09 37.09
38 49.95 49.95
39 52.77 52.77
40 17.24 17.24
41 5.73 5.73
42 28.04 28.04
43 34.69 34.69
44 7.34 7.34
45 84.65 84.65
46 82.18 82.18
47 70.82 70.82
48 61.13 61.13
49 59.09 59.09
50 74.29 74.29
51 95.73 95.73
52 62.26 62.26
53 37.10 37.10
54 15.80 15.80
55 14.30 14.30
56 58.18 58.18
57 38.39 38.39
58 88.96 88.96
59 83.07 83.07
60 6.89 6.89
61 16.38 16.38
62 42.97 42.97
63 56.33 56.33
64 63.04 63.04
65 76.35 76.35
66 29.88 29.88
67 27.41 27.41
68 68.85 68.85
69 36.79 36.79
70 82.31 82.31
71 15.53 15.53
72 32.62 32.62
73 18.23 18.23
74 82.41 82.41
75 52.70 52.70
76 84.15 84.15
77 86.66 86.66
78 79.99 79.99
79 46.22 46.22
80 36.82 36.82
81 54.78 54.78
82 83.74 83.74
83 6.32 6.32
84 34.13 34.13
85 1.30 1.30
86 38.66 38.66
87 94.27 94.27
88 91.72 91.72
89 15.67 15.67
90 23.44 23.44
91 21.97 21.97
92 43.19 43.19
93 69.04 69.04
94 58.56 58.56
95 19.94 19.94
96 58.75 58.75
97 24.29 24.29
98 98.41 98.41
99 66.76 66.76
100 45.04 45.04
101 86.79 86.79
102 9.33 9.33
103 23.39 23.39
104 23.97 23.97
105 86.33 86.33
106 76.63 76.63
107 51.53 51.53
108 78.62 78.62
109 63.38 63.38
110 28.48 28.48
111 54.74 54.74
112 91.36 91.36
113 38.55 38.55
114 2.97 2.97
115 17.43 17.43
116 87.06 87.06
117 95.34 95.34
118 16.64 16.64
119 42.14 42.14
120 47.76 47.76
2957.83
