130
0 59.79 59.79
1 21.11 21.11
2 17.86 17.86
3 5.11 5.11
4 19.75 19.75
5 85.03 85.03
6 81.06 81.06
7 19.39 19.39
8 46.25 46.25
9 33.54 33.54
10 5.92 5.92
11 46.59 46.59
12 38.31 38.31
13 80.41 80.41
14 10.32 10.32
15 51.36 51.36
16 67.35 67.35
17 45.67 45.67
18 46.43 46.43
19 85.81 85.81
20 63.66 63.66
21 19.16 19.16
22 97.66 97.66
23 26.02 26.02
24 9.98 9.98
25 70.54 70.54
26 16.18 16.18
27 80.94 80.94
28 45.99 45.99
29 22.86 22.86
30 85.85 85.85
31 96.37 96.37
32 13.75 13.75
33 8.37 8.37
34 4.56 4.56
35 27.97 27.97
36 19.16 19.16
37 5.95 5.95
38 50.22 50.22
39 32.12 32.12
40 76.79 76.79
41 36.83 36.83
42 34.42 34.42
43 95.65 95.65
44 62.61 62.61
45 32.59 32.59
46 68.78 68.78
47 35.58 35.58
48 70.78 70.78
49 10.50 10.50
50 46.31 46.31
51 5.31 5.31
52 41.59 41.59
53 33.50 33.50
54 72.63 72.63
55 18.15 18.15
56 8.92 8.92
57 21.86 21.86
58 74.28 74.28
59 54.13 54.13
60 1.47 1.47
61 73.31 73.31
62 64.50 64.50
63 72.93 72.93
64 85.92 85.92
65 35.41 35.41
66 44.79 44.79
67 88.89 88.89
68 56.74 56.74
69 36.28 36.28
70 62.82 62.82
71 66.96 66.96
72 58.60 58.60
73 34.52 34.52
74 34.03 34.03
75 70.54 70.54
76 11.49 11.49
77 29.62 29.62
78 59.86 59.86
79 20.95 20.95
80 41.85 41.85
81 62.98 62.98
82 57.55 57.55
83 72.20 72.20
84 91.25 91.25
85 73.70 73.70
86 55.64 55.64
87 23.94 23.94
88 88.47 88.47
89 84.16 84.16
90 48.14 48.14
91 35.89 35.89
92 46.13 46.13
93 77.93 77.93
94 56.10 56.10
95 42.98 42.98
96 30.11 30.11
97 74.08 74.08
98 26.89 26.89
99 16.23 16.23
100 56.26 56.26
101 90.86 90.86
102 58.06 58.06
103 24.64 24.64
104 28.08 28.08
105 15.52 15.52
106 4.58 4.58
107 11.57 11.57
108 2.80 2.80
109 79.01 79.01
110 79.30 79.30
111 10.71 10.71
112 32.24 32.24
113 12.78 12.78
114 25.14 25.14
115 36.78 36.78
116 45.71 45.71
117 3.56 3.56
118 43.13 43.13
119 52.99 52.99
120 75.97 75.97
121 77.10 77.10
122 59.63 59.63
123 94.65 94.65
124 2.31 2.31
125 69.48 69.48
126 1.82 1.82
127 74.92 74.92
128 38.83 38.83
129 89.43 89.43
2989.61
